,V1,V2,V3,V4,V10,V14,V17,Amount_log1p
V1,1.0,0.0825248398708543,-0.007263000403841297,-0.013024307912088919,-0.0062849474503144515,-0.006531871186632788,-0.0022452045816353135,-0.10746481646527745
V2,0.0825248398708543,1.0,0.047771697750686945,-0.013716211802298654,-0.028466120813636933,-0.002322263946767062,-0.005794279071819404,-0.44760844396455546
V3,-0.007263000403841297,0.047771697750686945,1.0,-0.010144711283015275,-0.019544866480750957,-0.003611651280641426,-0.017657868996782372,-0.03598133882339096
V4,-0.013024307912088919,-0.013716211802298654,-0.010144711283015275,1.0,0.02766876515585448,0.008829518679259074,-0.01758740262843064,-0.010333151990334079
V10,-0.0062849474503144515,-0.028466120813636933,-0.019544866480750957,0.02766876515585448,1.0,0.0033108176731867466,-0.0024487748948398037,0.005298093766037803
V14,-0.006531871186632788,-0.002322263946767062,-0.003611651280641426,0.008829518679259074,0.0033108176731867466,1.0,0.03185772157899031,0.023311699574270064
V17,-0.0022452045816353135,-0.005794279071819404,-0.017657868996782372,-0.01758740262843064,-0.0024487748948398037,0.03185772157899031,1.0,0.01574499144389892
Amount_log1p,-0.10746481646527745,-0.44760844396455546,-0.03598133882339096,-0.010333151990334079,0.005298093766037803,0.023311699574270064,0.01574499144389892,1.0
