,V1,V2,V3,V4,V10,V14,V17,Amount_log1p
V1,0.0,1.4340633129103716e-31,0.30437680892112223,0.06549295623121368,0.37412185545671905,0.3556434701560131,0.7508639120852979,1.8888958979582483e-52
V2,1.4340633129103716e-31,0.0,1.3858820477119834e-11,0.05241187027943521,5.6665812633105034e-05,0.7426110324769835,0.41256367259847193,0.0
V3,0.30437680892112223,1.3858820477119834e-11,0.0,0.1513936813503905,0.005707081163932366,0.6095370745572374,0.012516478482419473,3.583284825240873e-07
V4,0.06549295623121368,0.05241187027943521,0.1513936813503905,0.0,9.098339420377126e-05,0.21180087420169263,0.012872721449256096,0.14393970222913827
V10,0.37412185545671905,5.6665812633105034e-05,0.005707081163932366,9.098339420377126e-05,0.0,0.6396470466285863,0.7291263303899319,0.453723391253607
V14,0.3556434701560131,0.7426110324769835,0.6095370745572374,0.21180087420169263,0.6396470466285863,0.0,6.599133039465339e-06,0.0009771858941603749
V17,0.7508639120852979,0.41256367259847193,0.012516478482419473,0.012872721449256096,0.7291263303899319,6.599133039465339e-06,0.0,0.025968876422364454
Amount_log1p,1.8888958979582483e-52,0.0,3.583284825240873e-07,0.14393970222913827,0.453723391253607,0.0009771858941603749,0.025968876422364454,0.0
